A/C,R,O,N,RU,U,UO,RO
housedust HR,0.19858156,0.117021277,0.046099291,0.170212766,0.216312057,0.120567376,0.131205674
housedust LR,0.238636364,0.147727273,0.045454545,0.045454545,0.261363636,0.181818182,0.079545455
housedust MR,0.209059233,0.111498258,0.076655052,0.118466899,0.264808362,0.104529617,0.114982578
housedust NR,0.101449275,0.173913043,0.043478261,0.130434783,0.420289855,0.043478261,0.086956522
cottondust LR,0.166666667,0.108695652,0.079710145,0.130434783,0.311594203,0.115942029,0.086956522
cottondust HR,0.177419355,0.088709677,0.048387097,0.14516129,0.306451613,0.177419355,0.056451613
cottondust MR,0.200729927,0.124087591,0.047445255,0.156934307,0.204379562,0.113138686,0.153284672
cottondust KR,1,0,0,0,0,0,0
cottondust NR,0.227513228,0.158730159,0.063492063,0.084656085,0.275132275,0.074074074,0.116402116
aspergilus LR,0.189189189,0.128378378,0.054054054,0.060810811,0.331081081,0.121621622,0.114864865
aspergilus HR,0.213793103,0.186206897,0.055172414,0.110344828,0.193103448,0.096551724,0.144827586
aspergilus MR,0.18442623,0.090163934,0.053278689,0.204918033,0.266393443,0.114754098,0.086065574
aspergilus KR,0.428571429,0,0.142857143,0.142857143,0,0.285714286,0
aspergilus NR,0.203296703,0.120879121,0.065934066,0.104395604,0.258241758,0.115384615,0.131868132
pollen LR,0.258064516,0.053763441,0.053763441,0.096774194,0.290322581,0.129032258,0.11827957
pollen HR,0.196,0.14,0.048,0.124,0.212,0.144,0.136
pollen MR,0.18125,0.109375,0.06875,0.14375,0.290625,0.1,0.10625
pollen KR,0.2,0.2,0,0.6,0,0,0
pollen NR,0.206896552,0.24137931,0.051724138,0.103448276,0.275862069,0.051724138,0.068965517
parthenium LR,0.224489796,0.12244898,0.081632653,0.163265306,0.306122449,0.102040816,0
parthenium HR,0.183462532,0.126614987,0.054263566,0.15503876,0.23255814,0.11369509,0.134366925
parthenium MR,0.217898833,0.116731518,0.062256809,0.089494163,0.287937743,0.120622568,0.105058366
parthenium KR,0,1,0,0,0,0,0
parthenium NR,0.1875,0.125,0.03125,0.125,0.3125,0.09375,0.125
cockroach LR,0.141176471,0.152941176,0.023529412,0.2,0.294117647,0.070588235,0.117647059
cockroach HR,0.18694362,0.100890208,0.077151335,0.136498516,0.24925816,0.109792285,0.139465875
cockroach MR,0.236514523,0.132780083,0.053941909,0.124481328,0.244813278,0.141078838,0.066390041
cockroach KR,0.333333333,0.333333333,0,0,0.333333333,0,0
cockroach NR,0.183333333,0.166666667,0.016666667,0.033333333,0.333333333,0.1,0.166666667
catdander LR,0.25,0.166666667,0,0.166666667,0.333333333,0,0.083333333
catdander HR,0,0,0,0,0.5,0,0.5
catdander KR,0.204580153,0.128244275,0.05648855,0.132824427,0.259541985,0.114503817,0.103816794
catdander MR,0.25,0,0,0.25,0.5,0,0
catdander NR,0.117647059,0.078431373,0.098039216,0.098039216,0.215686275,0.156862745,0.235294118
dosfur LR,0.121212121,0.03030303,0.090909091,0.242424242,0.090909091,0.212121212,0.212121212
dosfur HR,0.090909091,0.090909091,0.090909091,0.454545455,0.181818182,0.090909091,0
dosfur KR,0.203821656,0.125796178,0.055732484,0.122611465,0.270700637,0.116242038,0.105095541
dosfur MR,0.12,0.2,0.04,0.08,0.2,0.04,0.32
dosfur NR,0.275862069,0.137931034,0.068965517,0.103448276,0.310344828,0.034482759,0.068965517
roaddust LR,0.178082192,0.109589041,0.04109589,0.123287671,0.342465753,0.095890411,0.109589041
roaddust HR,0,0.25,0,0,0.5,0,0.25
roaddust KR,0.142857143,0.077922078,0.298701299,0.077922078,0.207792208,0.116883117,0.077922078
roaddust MR,0.242424242,0.060606061,0,0.212121212,0.212121212,0.121212121,0.151515152
roaddust NR,0.207792208,0.135435993,0.029684601,0.135435993,0.257884972,0.116883117,0.116883117
oldpdust LR,0.086956522,0.173913043,0,0.086956522,0.304347826,0.217391304,0.130434783
oldpdust HR,0,0.2,0,0.4,0.4,0,0
oldpdust KR,0.203442879,0.125195618,0.064162754,0.128325509,0.250391236,0.111111111,0.117370892
oldpdust MR,0,0,0,0.125,0.5,0,0.375
oldpdust NR,0.235294118,0.098039216,0.019607843,0.156862745,0.31372549,0.137254902,0.039215686
PSdust LR,0.144927536,0.115942029,0.028985507,0.115942029,0.405797101,0.130434783,0.057971014
PSdust HR,0.5,0,0,0.125,0.25,0,0.125
PSdust KR,0.223404255,0.127659574,0.088652482,0.117021277,0.24822695,0.074468085,0.120567376
PSdust MR,0.076923077,0.211538462,0.019230769,0.25,0.269230769,0.115384615,0.057692308
PSdust NR,0.2,0.111111111,0.044444444,0.126984127,0.238095238,0.149206349,0.13015873
MilkP LR,0.168831169,0.116883117,0.025974026,0.233766234,0.25974026,0.181818182,0.012987013
MilkP HR,0.153846154,0.307692308,0,0.153846154,0.307692308,0,0.076923077
MilkP KR,0.209876543,0.109053498,0.076131687,0.127572016,0.263374486,0.100823045,0.113168724
MilkP MR,0.272727273,0.159090909,0.022727273,0.136363636,0.227272727,0.159090909,0.022727273
MilkP NR,0.141509434,0.160377358,0.018867925,0.066037736,0.254716981,0.122641509,0.235849057
MilkC LR,0.159663866,0.117647059,0.042016807,0.176470588,0.294117647,0.067226891,0.142857143
MilkC HR,0.117647059,0.205882353,0.029411765,0.088235294,0.176470588,0.323529412,0.058823529
MilkC MR,0.294117647,0.088235294,0.029411765,0.073529412,0.308823529,0.117647059,0.088235294
MilkC KR,0.182539683,0.119047619,0.074074074,0.150793651,0.243386243,0.108465608,0.121693122
MilkC NR,0.251968504,0.141732283,0.047244094,0.070866142,0.275590551,0.118110236,0.094488189
curd LR,0.185185185,0.074074074,0.074074074,0.148148148,0.296296296,0.185185185,0.037037037
curd MR,0,0.214285714,0.071428571,0,0.357142857,0.285714286,0.071428571
curd KR,0.206896552,0.123152709,0.062397373,0.123152709,0.251231527,0.113300493,0.119868637
curd NR,0.171052632,0.131578947,0.013157895,0.210526316,0.302631579,0.065789474,0.105263158
coffee LR,0.193277311,0.092436975,0.016806723,0.168067227,0.285714286,0.092436975,0.151260504
coffee HR,0.058823529,0.176470588,0.117647059,0.058823529,0.411764706,0.058823529,0.117647059
coffee MR,0.185714286,0.114285714,0.028571429,0.157142857,0.257142857,0.157142857,0.1
coffee KR,0.187250996,0.131474104,0.107569721,0.103585657,0.258964143,0.119521912,0.091633466
coffee NR,0.223048327,0.130111524,0.033457249,0.137546468,0.241635688,0.111524164,0.12267658
tea LR,0.202898551,0.043478261,0.028985507,0.086956522,0.347826087,0.202898551,0.086956522
tea HR,0.076923077,0.153846154,0.076923077,0.076923077,0.461538462,0,0.153846154
tea KR,0.217647059,0.129411765,0.082352941,0.120588235,0.232352941,0.1,0.117647059
tea MR,0.224137931,0.120689655,0.051724138,0.155172414,0.293103448,0.086206897,0.068965517
tea NR,0.170731707,0.138211382,0.032520325,0.154471545,0.256097561,0.12195122,0.12601626
beef LR,0.215053763,0.107526882,0.032258065,0.161290323,0.268817204,0.161290323,0.053763441
beef HR,0.214285714,0.071428571,0.142857143,0,0.285714286,0.071428571,0.214285714
beef MR,0.2,0.1,0.0125,0.2,0.2375,0.1375,0.1125
beef KR,0.153488372,0.125581395,0.120930233,0.139534884,0.288372093,0.079069767,0.093023256
beef NR,0.222222222,0.135802469,0.030864198,0.104938272,0.24382716,0.12037037,0.141975309
chicken LR,0.194630872,0.134228188,0.013422819,0.161073826,0.261744966,0.154362416,0.080536913
chicken HR,0.142857143,0.142857143,0,0.285714286,0.428571429,0,0
chicken KR,0.176954733,0.131687243,0.119341564,0.098765432,0.255144033,0.111111111,0.106995885
chicken MR,0.105263158,0.140350877,0.105263158,0.175438596,0.263157895,0.070175439,0.140350877
chicken NR,0.240740741,0.107407407,0.018518519,0.12962963,0.259259259,0.107407407,0.137037037
mutton LR,0.173333333,0.093333333,0.053333333,0.133333333,0.4,0.04,0.106666667
mutton HR,0.333333333,0,0,0,0.666666667,0,0
mutton KR,0.192528736,0.126436782,0.08908046,0.103448276,0.244252874,0.123563218,0.120689655
mutton MR,0.142857143,0.142857143,0,0.107142857,0.25,0.25,0.107142857
mutton NR,0.216911765,0.128676471,0.025735294,0.169117647,0.238970588,0.110294118,0.110294118
egg LR,0.1875,0.109375,0.03125,0.171875,0.34375,0.046875,0.109375
egg HR,0.25,0.1875,0,0.125,0.125,0.25,0.0625
egg MR,0.159090909,0.022727273,0.022727273,0.068181818,0.272727273,0.227272727,0.227272727
egg KR,0.193675889,0.134387352,0.075098814,0.126482213,0.239130435,0.112648221,0.118577075
egg NR,0.239583333,0.114583333,0.010416667,0.15625,0.333333333,0.09375,0.052083333
fishA LR,0.225,0.1125,0.025,0.125,0.2625,0.1625,0.0875
fishA HR,0.173913043,0.130434783,0.043478261,0.130434783,0.347826087,0.086956522,0.086956522
fishA MR,0.1875,0.125,0.020833333,0.0625,0.3125,0.104166667,0.1875
fishA KR,0.178362573,0.131578947,0.099415205,0.119883041,0.239766082,0.116959064,0.114035088
fishA NR,0.223175966,0.115879828,0.017167382,0.163090129,0.270386266,0.098712446,0.111587983
fishB LR,0,0.333333333,0,0.333333333,0,0,0.333333333
fishB KR,0.198813056,0.123145401,0.060830861,0.12611276,0.261127596,0.115727003,0.114243323
fishB NR,0.208333333,0.125,0.020833333,0.166666667,0.270833333,0.104166667,0.104166667
fishB MR,0,0,0,1,0,0,0
crab LR,0.104651163,0.151162791,0.034883721,0.127906977,0.197674419,0.244186047,0.139534884
crab HR,0.083333333,0.083333333,0,0.333333333,0.166666667,0.166666667,0.166666667
crab KR,0.214067278,0.125382263,0.082568807,0.116207951,0.241590214,0.091743119,0.128440367
crab MR,0.179487179,0.128205128,0.025641026,0.076923077,0.41025641,0.128205128,0.051282051
crab NR,0.217557252,0.114503817,0.041984733,0.148854962,0.286259542,0.095419847,0.095419847
prawns LR,0.19047619,0.238095238,0,0.142857143,0.380952381,0,0.047619048
prawns HR,0.166666667,0,0,0.5,0.333333333,0,0
prawns MR,0.428571429,0,0.142857143,0.285714286,0.142857143,0,0
prawns KR,0.183673469,0.12585034,0.06462585,0.12414966,0.253401361,0.12585034,0.12244898
prawns NR,0.269230769,0.105769231,0.028846154,0.134615385,0.278846154,0.086538462,0.096153846
shark LR,0.179310345,0.089655172,0.027586207,0.2,0.24137931,0.186206897,0.075862069
shark HR,0.285714286,0.214285714,0.071428571,0,0.357142857,0.071428571,0
shark MR,0.294117647,0.132352941,0.073529412,0.058823529,0.323529412,0.058823529,0.058823529
shark KR,0.166666667,0.111111111,0.266666667,0.077777778,0.2,0.066666667,0.111111111
shark NR,0.193154034,0.134474328,0.019559902,0.134474328,0.266503667,0.11002445,0.141809291
avaraikai LR,0.169230769,0.123076923,0.015384615,0.184615385,0.230769231,0.153846154,0.123076923
avaraikai HR,0,0.5,0,0,0,0.5,0
avaraikai KR,0.202898551,0.133333333,0.086956522,0.130434783,0.255072464,0.092753623,0.098550725
avaraikai MR,0.194444444,0.083333333,0,0.111111111,0.388888889,0.083333333,0.138888889
avaraikai NR,0.204379562,0.109489051,0.040145985,0.124087591,0.262773723,0.127737226,0.131386861
banana LR,0.207317073,0.103658537,0.036585366,0.18902439,0.195121951,0.115853659,0.152439024
banana HR,0.294117647,0.176470588,0,0.235294118,0.176470588,0.117647059,0
banana MR,0.253968254,0.063492063,0.015873016,0.142857143,0.349206349,0.095238095,0.079365079
banana KR,0.113989637,0.150259067,0.134715026,0.113989637,0.259067358,0.10880829,0.119170984
banana NR,0.23183391,0.128027682,0.031141869,0.100346021,0.283737024,0.121107266,0.103806228
beans LR,0.149425287,0.103448276,0.022988506,0.091954023,0.264367816,0.24137931,0.126436782
beans HR,0,0.25,0,0.375,0.375,0,0
beans KR,0.192546584,0.102484472,0.093167702,0.124223602,0.248447205,0.108695652,0.130434783
beans MR,0.083333333,0.291666667,0,0.166666667,0.375,0,0.083333333
beans NR,0.235087719,0.136842105,0.035087719,0.140350877,0.259649123,0.094736842,0.098245614
beetroot LR,0.238095238,0.142857143,0,0.142857143,0.19047619,0.047619048,0.238095238
beetroot HR,0.25,0,0,0,0.5,0,0.25
beetroot MR,0,0.285714286,0.142857143,0,0.285714286,0.142857143,0.142857143
beetroot KR,0.199324324,0.126689189,0.0625,0.125,0.25,0.123310811,0.113175676
beetroot NR,0.196078431,0.098039216,0.039215686,0.176470588,0.323529412,0.078431373,0.088235294
brinjal LR,0.125,0.125,0,0.375,0.375,0,0
brinjal KR,0.200310559,0.127329193,0.062111801,0.136645963,0.254658385,0.105590062,0.113354037
brinjal NR,0.194444444,0.097222222,0.027777778,0.055555556,0.277777778,0.208333333,0.138888889
brinjal MR,0,0,0,0,1,0,0
cabbage LR,0.289473684,0.157894737,0.052631579,0.131578947,0.315789474,0.026315789,0.026315789
cabbage HR,0.5,0,0,0,0.5,0,0
cabbage KR,0.180327869,0.116803279,0.069672131,0.118852459,0.272540984,0.102459016,0.139344262
cabbage MR,0.3125,0.1875,0.0625,0.0625,0.3125,0,0.0625
cabbage NR,0.214285714,0.131868132,0.027472527,0.17032967,0.208791209,0.175824176,0.071428571
capsicum LR,0.161290323,0.150537634,0.021505376,0.215053763,0.311827957,0.053763441,0.086021505
capsicum HR,0.307692308,0,0,0.307692308,0.230769231,0.076923077,0.076923077
capsicum MR,0.128205128,0.128205128,0.076923077,0.205128205,0.333333333,0.025641026,0.102564103
capsicum KR,0.112359551,0.101123596,0.269662921,0.06741573,0.247191011,0.06741573,0.134831461
capsicum NR,0.223577236,0.12601626,0.026422764,0.115853659,0.24796748,0.142276423,0.117886179
chillie LR,0.08,0.04,0,0.4,0.28,0.08,0.12
chillie HR,0,0.75,0,0,0.25,0,0
chillie MR,0.2,0.1,0,0.2,0.3,0.2,0
chillie KR,0.191901408,0.123239437,0.065140845,0.117957746,0.257042254,0.11971831,0.125
chillie NR,0.260504202,0.12605042,0.042016807,0.134453782,0.268907563,0.092436975,0.075630252
cauliflower LR,0.12,0.12,0.04,0.12,0.24,0.24,0.12
cauliflower HR,0.25,0,0,0,0.25,0,0.5
cauliflower KR,0.196046129,0.116968699,0.065897858,0.126853377,0.257001647,0.118616145,0.118616145
cauliflower MR,1,0,0,0,0,0,0
cauliflower NR,0.224719101,0.179775281,0.011235955,0.168539326,0.292134831,0.056179775,0.06741573
carrot LR,0.181818182,0.090909091,0,0.363636364,0.181818182,0.181818182,0
carrot KR,0.1921875,0.125,0.0625,0.125,0.2609375,0.121875,0.1125
carrot NR,0.246575342,0.123287671,0.02739726,0.150684932,0.260273973,0.04109589,0.150684932
carrot MR,0.5,0,0,0,0.5,0,0
chowchow LR,0.216216216,0.081081081,0.054054054,0.162162162,0.256756757,0.121621622,0.108108108
chowchow HR,0.285714286,0.142857143,0,0,0.571428571,0,0
chowchow KR,0.191780822,0.123287671,0.301369863,0.068493151,0.191780822,0.068493151,0.054794521
chowchow MR,0.225,0.1,0.025,0.2,0.225,0.1,0.125
chowchow NR,0.193609023,0.131578947,0.028195489,0.131578947,0.268796992,0.122180451,0.12406015
corn LR,0.146341463,0.12195122,0.018292683,0.152439024,0.317073171,0.146341463,0.097560976
corn HR,0.291666667,0.083333333,0,0.083333333,0.208333333,0.125,0.208333333
corn KR,0.25,0.1125,0.2875,0.0375,0.1375,0.125,0.05
corn MR,0.195652174,0.097826087,0.043478261,0.152173913,0.315217391,0.076086957,0.119565217
corn NR,0.204918033,0.136612022,0.032786885,0.139344262,0.25136612,0.106557377,0.128415301
cucumber LR,0.207920792,0.128712871,0.00990099,0.148514851,0.287128713,0.148514851,0.069306931
cucumber HR,0,0,0,0.25,0,0.5,0.25
cucumber MR,0.103448276,0.068965517,0.034482759,0.137931034,0.344827586,0.137931034,0.172413793
cucumber KR,0.188888889,0.15,0.127777778,0.088888889,0.238888889,0.072222222,0.133333333
cucumber NR,0.208737864,0.116504854,0.041262136,0.143203883,0.259708738,0.118932039,0.111650485
drumstick LR,0.3125,0.125,0,0,0.1875,0.3125,0.0625
drumstick HR,0,0,0.5,0,0,0.5,0
drumstick MR,0,0.2,0,0.4,0.2,0,0.2
drumstick KR,0.198214286,0.114285714,0.0625,0.142857143,0.253571429,0.107142857,0.121428571
drumstick NR,0.195804196,0.160839161,0.041958042,0.090909091,0.300699301,0.118881119,0.090909091
greens LR,0.2,0,0,0.2,0.4,0,0.2
greens KR,0.198198198,0.127627628,0.058558559,0.12012012,0.264264264,0.117117117,0.114114114
greens NR,0.204081633,0.102040816,0.06122449,0.265306122,0.163265306,0.102040816,0.102040816
greens MR,0,0,0,0,1,0,0
gourds LR,0.220430108,0.102150538,0.032258065,0.139784946,0.268817204,0.11827957,0.11827957
gourds HR,0.214285714,0.142857143,0,0.25,0.321428571,0.035714286,0.035714286
gourds MR,0.158730159,0.111111111,0.047619048,0.182539683,0.26984127,0.126984127,0.103174603
gourds KR,0.195402299,0.08045977,0.264367816,0.126436782,0.172413793,0.068965517,0.091954023
gourds NR,0.200668896,0.153846154,0.023411371,0.093645485,0.27090301,0.127090301,0.130434783
kovaikai LR,0.111111111,0.148148148,0.074074074,0.185185185,0.296296296,0.074074074,0.111111111
kovaikai HR,0.5,0,0,0,0.5,0,0
kovaikai KR,0.190669371,0.113590264,0.062880325,0.146044625,0.253549696,0.111561866,0.121703854
kovaikai MR,0.111111111,0.333333333,0.111111111,0,0.111111111,0.333333333,0
kovaikai NR,0.230769231,0.138461538,0.041025641,0.092307692,0.276923077,0.117948718,0.102564103
kothavarai LR,0.151515152,0.212121212,0.03030303,0.03030303,0.242424242,0.151515152,0.181818182
kothavarai HR,0,0.333333333,0,0,0.666666667,0,0
kothavarai KR,0.214532872,0.126297578,0.064013841,0.138408304,0.249134948,0.089965398,0.117647059
kothavarai MR,0,0,0,0.285714286,0.142857143,0.428571429,0.142857143
kothavarai NR,0.142857143,0.085714286,0.038095238,0.114285714,0.323809524,0.219047619,0.076190476
Lfinger LR,0.142857143,0.214285714,0,0.25,0.214285714,0.035714286,0.142857143
Lfinger HR,0,0.5,0.5,0,0,0,0
Lfinger KR,0.202531646,0.115732369,0.066907776,0.130198915,0.258589512,0.108499096,0.117540687
Lfinger MR,1,0,0,0,0,0,0
Lfinger NR,0.190140845,0.133802817,0.028169014,0.112676056,0.281690141,0.154929577,0.098591549
malli LR,0,0.083333333,0.25,0.333333333,0.25,0,0.083333333
malli HR,0.333333333,0,0.333333333,0,0,0.333333333,0
malli KR,0.205206738,0.122511485,0.055130168,0.130168453,0.255742726,0.119448698,0.11179173
malli MR,0,0,0,0.666666667,0.333333333,0,0
malli NR,0.163636364,0.163636364,0.036363636,0.072727273,0.327272727,0.072727273,0.163636364
mango LR,0.203703704,0.138888889,0.018518519,0.175925926,0.240740741,0.148148148,0.074074074
mango HR,0.166666667,0,0,0,0.333333333,0,0.5
mango KR,0.114285714,0.114285714,0.628571429,0.085714286,0.057142857,0,0
mango MR,0.12244898,0.142857143,0.020408163,0.204081633,0.265306122,0.06122449,0.183673469
mango NR,0.210227273,0.121212121,0.03219697,0.119318182,0.276515152,0.121212121,0.119318182
mushroom LR,0.146341463,0.12195122,0.048780488,0.219512195,0.365853659,0.073170732,0.024390244
mushroom HR,0,0,0,0,1,0,0
mushroom KR,0.193548387,0.111827957,0.064516129,0.101075269,0.264516129,0.122580645,0.141935484
mushroom MR,0.111111111,0.222222222,0,0,0.444444444,0.222222222,0
mushroom NR,0.223809524,0.147619048,0.047619048,0.185714286,0.219047619,0.1,0.076190476
nuckol LR,0.160714286,0.053571429,0.017857143,0.196428571,0.375,0.125,0.071428571
nuckol HR,0.166666667,0.333333333,0,0.166666667,0,0,0.333333333
nuckol MR,0.225806452,0.161290323,0.032258065,0.290322581,0.225806452,0,0.064516129
nuckol KR,0.185990338,0.144927536,0.077294686,0.099033816,0.258454106,0.115942029,0.118357488
nuckol NR,0.228310502,0.091324201,0.03652968,0.150684932,0.246575342,0.127853881,0.118721461
onion LR,0.25,0.15,0,0.05,0.3,0.2,0.05
onion HR,0,1,0,0,0,0,0
onion KR,0.188481675,0.120418848,0.071553229,0.130890052,0.260034904,0.115183246,0.113438045
onion MR,0.2,0.2,0,0.2,0.2,0.2,0
onion NR,0.237704918,0.12295082,0.008196721,0.139344262,0.262295082,0.090163934,0.139344262
peas LR,0.159574468,0.117021277,0.031914894,0.159574468,0.372340426,0.063829787,0.095744681
peas HR,0.222222222,0,0.111111111,0.111111111,0.222222222,0.222222222,0.111111111
peas MR,0.125,0.041666667,0.041666667,0.083333333,0.458333333,0.125,0.125
peas KR,0.079207921,0.138613861,0.257425743,0.089108911,0.217821782,0.128712871,0.089108911
peas NR,0.232931727,0.128514056,0.022088353,0.136546185,0.238955823,0.118473896,0.12248996
potroot LR,0.166666667,0.083333333,0,0.305555556,0.222222222,0.083333333,0.138888889
potroot HR,0,0,0,1,0,0,0
potroot KR,0.20777027,0.123310811,0.065878378,0.111486486,0.261824324,0.114864865,0.114864865
potroot MR,0,0,0,0.8,0.2,0,0
potroot NR,0.163043478,0.152173913,0.032608696,0.141304348,0.27173913,0.130434783,0.108695652
paneer LR,0.222222222,0.083333333,0.083333333,0.138888889,0.25,0.083333333,0.138888889
paneer HR,0.142857143,0.142857143,0,0.142857143,0.142857143,0.285714286,0.142857143
paneer MR,0.105263158,0.210526316,0.105263158,0.157894737,0.210526316,0.052631579,0.157894737
paneer KR,0.20746888,0.109958506,0.066390041,0.134854772,0.257261411,0.107883817,0.116182573
paneer NR,0.181318681,0.159340659,0.027472527,0.115384615,0.28021978,0.137362637,0.098901099
potato LR,0.212765957,0.085106383,0.021276596,0.14893617,0.255319149,0.14893617,0.127659574
potato HR,0,0,0,0,0.75,0,0.25
potato KR,0.187327824,0.112947658,0.082644628,0.154269972,0.250688705,0.093663912,0.1184573
potato MR,0.227272727,0.227272727,0.045454545,0.181818182,0.181818182,0.045454545,0.090909091
potato NR,0.210344828,0.137931034,0.034482759,0.096551724,0.272413793,0.14137931,0.106896552
pumkin LR,0.202020202,0.101010101,0.01010101,0.101010101,0.454545455,0.070707071,0.060606061
pumkin HR,0.142857143,0.142857143,0,0.142857143,0.285714286,0,0.285714286
pumkin MR,0.162790698,0.046511628,0.023255814,0.209302326,0.209302326,0.302325581,0.046511628
pumkin KR,0.127659574,0.063829787,0.468085106,0.063829787,0.14893617,0.021276596,0.106382979
pumkin NR,0.20754717,0.139622642,0.033962264,0.135849057,0.237735849,0.116981132,0.128301887
pudina LR,0.166666667,0,0,0,0.333333333,0.5,0
pudina KR,0.198127925,0.127925117,0.062402496,0.127925117,0.257410296,0.110764431,0.115444618
pudina NR,0.202531646,0.101265823,0.025316456,0.164556962,0.278481013,0.113924051,0.113924051
radish LR,0.142857143,0,0,0.428571429,0.428571429,0,0
radish HR,0,0.5,0,0,0.5,0,0
radish MR,0,0.25,0,0.25,0,0.5,0
radish KR,0.205206738,0.124042879,0.059724349,0.120980092,0.260336907,0.108728943,0.120980092
radish NR,0.15,0.116666667,0.05,0.2,0.25,0.166666667,0.066666667
tomato LR,0.140625,0.0625,0,0.140625,0.265625,0.234375,0.15625
tomato HR,0,0,0,0,0.75,0.25,0
tomato MR,0.136363636,0.136363636,0.045454545,0.045454545,0.454545455,0.045454545,0.136363636
tomato KR,0.200863931,0.127429806,0.071274298,0.129589633,0.265658747,0.095032397,0.110151188
tomato NR,0.225433526,0.138728324,0.046242775,0.144508671,0.208092486,0.12716763,0.10982659
tondaikai LR,0.17721519,0.126582278,0.021097046,0.185654008,0.299578059,0.113924051,0.075949367
tondaikai HR,0.2,0.171428571,0.028571429,0.142857143,0.257142857,0,0.2
tondaikai MR,0.22147651,0.120805369,0.053691275,0.140939597,0.275167785,0.067114094,0.120805369
tondaikai KR,0.071428571,0.071428571,0.75,0,0.107142857,0,0
tondaikai NR,0.216606498,0.122743682,0.025270758,0.090252708,0.23465704,0.166064982,0.144404332
vazpooThandu LR,0.224358974,0.070512821,0.019230769,0.230769231,0.269230769,0.096153846,0.08974359
vazpooThandu HR,0.272727273,0.181818182,0.045454545,0,0.363636364,0,0.136363636
vazpooThandu MR,0.141025641,0.128205128,0.025641026,0.115384615,0.230769231,0.230769231,0.128205128
vazpooThandu KR,0.206030151,0.145728643,0.150753769,0.045226131,0.24120603,0.085427136,0.125628141
vazpooThandu NR,0.188191882,0.132841328,0.022140221,0.151291513,0.269372694,0.121771218,0.114391144
yams LR,0.281553398,0.087378641,0.038834951,0.087378641,0.339805825,0.067961165,0.097087379
yams HR,0.111111111,0.055555556,0,0.166666667,0.388888889,0.166666667,0.111111111
yams MR,0.152777778,0.097222222,0.041666667,0.138888889,0.277777778,0.125,0.166666667
yams KR,0.068965517,0.068965517,0.724137931,0.034482759,0.103448276,0,0
yams NR,0.198412698,0.140873016,0.027777778,0.142857143,0.246031746,0.126984127,0.117063492
gram LR,0.277777778,0.088888889,0.033333333,0.077777778,0.2,0.155555556,0.166666667
gram HR,0.333333333,0.111111111,0,0.111111111,0.222222222,0.111111111,0.111111111
gram KR,0.148325359,0.119617225,0.133971292,0.148325359,0.28708134,0.066985646,0.09569378
gram MR,0.176470588,0.176470588,0,0.117647059,0.382352941,0.088235294,0.058823529
gram NR,0.205729167,0.130208333,0.028645833,0.135416667,0.25,0.1328125,0.1171875
channa LR,0.5,0.25,0,0.125,0.125,0,0
channa HR,0,0,0,0,1,0,0
channa KR,0.197730956,0.11993517,0.061588331,0.136142626,0.262560778,0.111831442,0.110210697
channa MR,0,0,0,0.5,0.5,0,0
channa NR,0.1875,0.145833333,0.041666667,0.083333333,0.239583333,0.145833333,0.15625
dhal LR,0.05,0.1,0,0.2,0.5,0.05,0.1
dhal HR,0.333333333,0,0,0,0.333333333,0,0.333333333
dhal MR,0.066666667,0.266666667,0,0.066666667,0.466666667,0.133333333,0
dhal KR,0.196721311,0.116575592,0.067395264,0.142076503,0.236794171,0.116575592,0.123861566
dhal NR,0.237410072,0.143884892,0.035971223,0.086330935,0.294964029,0.115107914,0.086330935
maida LR,0.2,0,0,0,0.4,0,0.4
maida KR,0.205592105,0.129934211,0.067434211,0.125,0.238486842,0.116776316,0.116776316
maida NR,0.159292035,0.097345133,0.008849558,0.168141593,0.371681416,0.10619469,0.088495575
oats LR,0.15625,0.083333333,0.03125,0.145833333,0.260416667,0.21875,0.104166667
oats HR,0.266666667,0.133333333,0.066666667,0.133333333,0.333333333,0,0.066666667
oats KR,0.163043478,0.097826087,0.25,0.065217391,0.195652174,0.054347826,0.173913043
oats MR,0.227272727,0.068181818,0,0.136363636,0.454545455,0.068181818,0.045454545
oats NR,0.208768267,0.141962422,0.03131524,0.139874739,0.252609603,0.112734864,0.112734864
ragi LR,0.252747253,0.087912088,0.021978022,0.10989011,0.285714286,0.186813187,0.054945055
ragi HR,0.166666667,0,0.166666667,0,0.666666667,0,0
ragi KR,0.205714286,0.114285714,0.142857143,0.137142857,0.222857143,0.085714286,0.091428571
ragi MR,0.210526316,0.087719298,0,0.157894737,0.315789474,0.175438596,0.052631579
ragi NR,0.181360202,0.143576826,0.035264484,0.130982368,0.256926952,0.103274559,0.14861461
rice LR,0.153846154,0.184615385,0.030769231,0.061538462,0.4,0.153846154,0.015384615
rice HR,0.166666667,0.5,0,0,0.333333333,0,0
rice KR,0.242424242,0.096969697,0.096969697,0.175757576,0.212121212,0.051515152,0.124242424
rice MR,0.045454545,0.318181818,0,0.045454545,0.272727273,0.227272727,0.090909091
rice NR,0.171617162,0.118811881,0.02640264,0.105610561,0.280528053,0.168316832,0.128712871
wheat LR,0.19047619,0.174603175,0.031746032,0.126984127,0.222222222,0.19047619,0.063492063
wheat HR,0.111111111,0.222222222,0,0,0.333333333,0.111111111,0.222222222
wheat KR,0.189111748,0.108882521,0.085959885,0.169054441,0.243553009,0.091690544,0.111747851
wheat MR,0.111111111,0.138888889,0,0.055555556,0.5,0.055555556,0.138888889
wheat NR,0.226765799,0.126394052,0.037174721,0.096654275,0.256505576,0.133828996,0.12267658
coconut LR,0.254237288,0.169491525,0.033898305,0.13559322,0.254237288,0.016949153,0.13559322
coconut HR,0.2,0.2,0,0,0.6,0,0
coconut KR,0.182080925,0.106936416,0.095375723,0.144508671,0.251445087,0.104046243,0.115606936
coconut MR,0.117647059,0.264705882,0.029411765,0.058823529,0.264705882,0.205882353,0.058823529
coconut NR,0.216312057,0.117021277,0.021276596,0.124113475,0.265957447,0.138297872,0.117021277
oil LR,0.333333333,0.111111111,0,0.444444444,0.111111111,0,0
oil KR,0.205007825,0.126760563,0.062597809,0.115805947,0.264475743,0.111111111,0.114241002
oil NR,0.123287671,0.095890411,0.02739726,0.232876712,0.260273973,0.123287671,0.136986301
oil MR,0.2,0.2,0,0,0,0.6,0
garlic LR,0.134615385,0.125,0.019230769,0.192307692,0.298076923,0.134615385,0.096153846
garlic HR,0.214285714,0.142857143,0,0,0.5,0,0.142857143
garlic MR,0.137254902,0.215686275,0.058823529,0.098039216,0.196078431,0.098039216,0.196078431
garlic KR,0.209302326,0.124031008,0.170542636,0.139534884,0.240310078,0.069767442,0.046511628
garlic NR,0.21728972,0.112149533,0.035046729,0.121495327,0.257009346,0.128504673,0.128504673
ginger LR,0.25,0.133333333,0.016666667,0.133333333,0.2,0.133333333,0.133333333
ginger HR,0,0,0,0.25,0.25,0,0.5
ginger KR,0.166666667,0.115384615,0.082051282,0.125641026,0.261538462,0.117948718,0.130769231
ginger MR,0.275862069,0.068965517,0,0.103448276,0.344827586,0.103448276,0.103448276
ginger NR,0.230452675,0.144032922,0.037037037,0.139917695,0.263374486,0.106995885,0.0781893
pepper LR,0.1875,0.1875,0.0625,0.0625,0.3125,0.0625,0.125
pepper HR,0.333333333,0,0,0,0.666666667,0,0
pepper KR,0.203809524,0.125714286,0.07047619,0.106666667,0.266666667,0.106666667,0.12
pepper MR,0.4,0,0,0,0.2,0.2,0.2
pepper NR,0.175141243,0.118644068,0.02259887,0.214689266,0.231638418,0.141242938,0.096045198
tamarind LR,0.153846154,0.153846154,0,0.230769231,0.307692308,0.153846154,0
tamarind HR,0.333333333,0.333333333,0,0,0,0,0.333333333
tamarind KR,0.202090592,0.118466899,0.071428571,0.120209059,0.271777003,0.106271777,0.109756098
tamarind MR,0.375,0.25,0,0,0.25,0,0.125
tamarind NR,0.171875,0.1328125,0.0078125,0.1796875,0.2109375,0.15625,0.140625
aginomoto LR,0,0.230769231,0.076923077,0.230769231,0.153846154,0.230769231,0.076923077
aginomoto KR,0.202177294,0.125972006,0.060653188,0.127527216,0.255054432,0.113530327,0.115085537
aginomoto NR,0.194029851,0.074626866,0.029850746,0.149253731,0.343283582,0.089552239,0.119402985
aginomoto MR,0.333333333,0.333333333,0,0,0,0.333333333,0
spices LR,0,0.272727273,0.090909091,0,0.363636364,0.181818182,0.090909091
spices KR,0.202808112,0.126365055,0.060842434,0.129485179,0.252730109,0.112324493,0.115444618
spices NR,0.183098592,0.084507042,0.028169014,0.169014085,0.309859155,0.112676056,0.112676056
spices MR,0.333333333,0,0,0,0.333333333,0.333333333,0
coco LR,0.207594937,0.113924051,0.040506329,0.106329114,0.275949367,0.144303797,0.111392405
coco HR,0.166666667,0.083333333,0.055555556,0.25,0.166666667,0.083333333,0.194444444
coco KR,0.228571429,0.171428571,0.2,0.038095238,0.152380952,0.047619048,0.161904762
coco MR,0.155172414,0.112068966,0.00862069,0.206896552,0.362068966,0.051724138,0.103448276
coco NR,0.189189189,0.148648649,0.027027027,0.216216216,0.216216216,0.162162162,0.040540541
horlicks LR,0.198979592,0.117346939,0.038265306,0.130102041,0.280612245,0.135204082,0.099489796
horlicks HR,0.133333333,0.066666667,0.066666667,0,0.333333333,0.2,0.2
horlicks KR,0.264,0.16,0.184,0.048,0.152,0.04,0.152
horlicks MR,0.138613861,0.089108911,0,0.198019802,0.316831683,0.108910891,0.148514851
horlicks NR,0.182795699,0.150537634,0.032258065,0.193548387,0.247311828,0.11827957,0.075268817
boost LR,0.120689655,0.155172414,0.034482759,0.068965517,0.293103448,0.137931034,0.189655172
boost HR,0.25,0,0,0,0.75,0,0
boost MR,0.2,0.1,0.1,0,0.4,0.2,0
boost KR,0.212962963,0.118518519,0.068518519,0.151851852,0.22962963,0.111111111,0.107407407
boost NR,0.166666667,0.140350877,0.01754386,0.078947368,0.359649123,0.114035088,0.122807018
nuts LR,0.146496815,0.108280255,0.025477707,0.152866242,0.305732484,0.127388535,0.133757962
nuts HR,0.268292683,0.097560976,0.024390244,0.195121951,0.292682927,0.024390244,0.097560976
nuts KR,0.211764706,0.117647059,0.135294118,0.129411765,0.235294118,0.117647059,0.052941176
nuts MR,0.202247191,0.134831461,0.02247191,0.134831461,0.269662921,0.08988764,0.146067416
nuts NR,0.208178439,0.137546468,0.044609665,0.107806691,0.241635688,0.126394052,0.133828996
runningnose YES,0.412878788,0.037878788,0.003787879,0.299242424,0.007575758,0,0.238636364
runningnose NO,0.075757576,0.173160173,0.088744589,0.034632035,0.404761905,0.17965368,0.043290043
sneeze YES,0.414179104,0.044776119,0,0.305970149,0,0,0.235074627
sneeze NO,0.072052402,0.170305677,0.091703057,0.028384279,0.412663755,0.181222707,0.043668122
cough YES,0.335135135,0.07027027,0,0.324324324,0,0.016216216,0.254054054
cough NO,0.151571165,0.14232902,0.077634011,0.064695009,0.34935305,0.147874307,0.066543438
wheezeBlocks YES,0.34893617,0.085106383,0,0.331914894,0,0.012765957,0.221276596
wheezeBlocks NO,0.126272912,0.142566191,0.085539715,0.034623218,0.384928717,0.16293279,0.063136456
headache YES,0.226666667,0.04,0,0.413333333,0,0.013333333,0.306666667
headache NO,0.190972222,0.145833333,0.072916667,0.057291667,0.328125,0.140625,0.064236111
itching YES,0.002463054,0.118226601,0.002463054,0.219211823,0.450738916,0.201970443,0.004926108
itching NO,0.446875,0.13125,0.128125,0.01875,0.01875,0.003125,0.253125
swelling YES,0,0.079365079,0,0.338624339,0.380952381,0.201058201,0
swelling NO,0.268156425,0.139664804,0.078212291,0.057728119,0.217877095,0.083798883,0.154562384
redrashes YES,0,0.068027211,0,0.414965986,0.306122449,0.210884354,0
redrashes NO,0.248704663,0.138169257,0.07253886,0.058721934,0.248704663,0.089810017,0.143350604
Age G3,0.161825726,0.112033195,0.058091286,0.182572614,0.257261411,0.149377593,0.078838174
Age G5,0.171428571,0.085714286,0.085714286,0.085714286,0.285714286,0.228571429,0.057142857
Age NO,0,0.333333333,0,0,0.666666667,0,0
Age G4,0.191489362,0.191489362,0.085106383,0.138297872,0.244680851,0.053191489,0.095744681
Age G2,0.226765799,0.092936803,0.040892193,0.100371747,0.267657993,0.100371747,0.171003717
Age G1,0.238095238,0.19047619,0.071428571,0.095238095,0.238095238,0.083333333,0.083333333
Sex F,0.153652393,0.115869018,0.057934509,0.156171285,0.289672544,0.120906801,0.105793451
Sex M,0.252279635,0.133738602,0.05775076,0.100303951,0.224924012,0.106382979,0.124620061
Fhistory YES,0.137554585,0.128820961,0,0.189956332,0.244541485,0.11790393,0.181222707
Fhistory NO,0.302238806,0.115671642,0.156716418,0.029850746,0.287313433,0.108208955,0
